0 88 43 21 84 93 91 15 14 0 53 95 52 61 72 42 39 5 47 83 
49 50 98 92 84 36 30 70 91 11 77 26 26 21 37 42 15 39 57 79 
95 44 45 9 45 38 98 64 61 86 53 14 46 82 2 76 94 82 91 2 
97 81 59 95 26 2 93 24 73 39 76 77 4 81 68 58 57 18 8 37 
89 21 95 70 39 8 31 63 90 23 5 6 97 88 98 52 1 39 74 17 
51 42 6 34 44 3 13 95 34 6 77 67 8 73 85 5 25 41 55 9 
31 59 19 28 52 9 62 81 83 60 97 8 31 55 31 41 44 26 58 3 
23 5 78 63 52 27 63 73 53 39 68 17 94 46 50 11 84 11 84 5 
43 53 82 18 18 31 17 12 95 90 69 66 39 99 34 0 57 51 24 81 
93 69 65 40 31 52 42 7 10 91 55 92 93 94 57 57 53 73 66 68 
70 67 27 60 48 53 85 95 11 18 70 81 98 16 27 22 25 9 15 28 
50 88 87 84 6 30 18 82 74 1 13 76 96 9 47 77 61 30 11 12 
72 38 11 97 45 83 53 54 69 93 12 26 69 26 40 7 62 51 84 14 
35 12 94 54 82 19 71 73 38 31 20 75 35 92 47 37 52 11 55 73 
14 51 35 29 69 82 35 58 12 59 48 88 54 22 94 79 88 99 41 93 
79 39 41 95 94 75 92 82 97 15 25 63 96 60 78 6 71 91 71 32 
92 75 94 52 17 53 24 22 84 11 54 72 32 94 25 80 81 49 32 66 
90 3 76 43 69 33 2 24 32 70 84 62 36 59 46 74 74 95 84 81 
93 88 62 25 44 73 61 8 41 1 28 35 17 8 26 78 54 44 59 51 
94 30 11 72 17 0 28 19 87 4 35 29 77 47 80 50 61 95 96 1 
13 2 88 96 24 49 26 67 89 70 52 87 91 63 39 17 94 68 67 5 
6 95 20 37 32 46 46 14 42 81 74 0 34 42 60 37 25 15 21 92 
62 3 94 4 21 62 12 94 96 4 56 78 13 56 99 34 71 2 98 70 
3 2 19 72 68 43 19 50 3 61 17 59 69 47 13 98 38 10 78 59 
94 59 59 52 94 60 68 56 22 99 97 48 48 62 95 18 22 10 39 71 
37 3 21 4 16 18 45 14 44 56 46 79 78 75 71 33 71 62 12 78 
56 64 63 70 58 86 11 26 93 72 58 61 69 50 89 28 74 20 22 35 
61 79 11 27 52 7 70 97 59 59 25 97 74 19 7 3 67 37 46 3 
28 75 16 67 42 37 94 91 33 69 15 72 63 3 65 91 13 46 30 54 
42 77 14 29 91 7 94 31 28 76 25 14 47 0 63 77 39 25 10 13 
29 0 49 43 60 81 73 26 20 34 80 29 83 51 32 13 16 7 80 54 
21 26 62 67 4 27 53 91 86 61 68 9 83 11 32 48 15 69 10 25 
50 25 60 59 76 67 89 86 44 57 81 20 78 7 59 73 68 55 84 49 
46 74 1 84 82 96 76 13 63 1 48 84 23 40 29 23 96 77 88 68 
64 11 29 81 51 84 16 17 98 34 77 63 7 94 55 25 11 80 92 55 
2 95 31 90 74 63 29 24 55 9 45 98 11 30 7 30 37 45 43 14 
83 99 79 21 29 32 5 41 94 16 58 7 35 23 4 36 15 91 38 68 
37 4 85 49 26 83 16 6 94 16 2 14 82 73 25 80 96 49 95 56 
94 46 8 60 90 72 34 82 59 14 33 43 38 86 59 93 88 88 72 92 
75 31 76 87 61 62 6 87 96 31 37 46 88 31 27 70 55 34 81 19 
94 60 45 71 54 29 7 77 86 66 35 30 1 82 33 13 0 64 71 46 
69 54 92 30 83 91 86 25 9 70 73 48 3 15 80 54 1 8 73 22 
47 41 65 56 38 16 26 69 48 36 64 1 11 1 91 1 16 6 71 89 
98 51 55 64 27 98 64 6 3 12 30 76 48 40 73 36 35 29 54 47 
24 26 92 76 42 32 95 82 86 79 4 95 37 33 70 29 53 29 62 85 
48 79 57 70 45 37 36 3 49 34 1 19 41 39 57 20 22 92 2 94 
81 84 18 65 58 73 51 28 86 95 38 34 68 41 58 13 33 71 10 2 
30 90 12 48 67 37 29 11 31 16 94 5 39 80 8 97 65 39 88 52 
53 49 11 97 87 8 98 16 24 33 6 72 64 62 33 95 5 24 17 31 
9 0 26 10 34 98 92 6 34 41 75 11 11 24 23 46 85 47 88 1 
